168

31111111, 136.

11111111, 99, 112.

Β111111111,(111111111111), 95, 96, 122,124,
128,131.

111111111,111.

8111111111, Mekwen 11111183,87,100.

-1111111111, 95, 125, 127, 130.

8111111116, (Β1111111111), 89, 111.

1111111111,108, 123, 120.

31111111, 95, 108, 123, 123, 180.

(11111111, 106.

0111111111, 106.

0111111111, 100, 109.

0111111123, 128. ,

01111111111111111111 1111111, 96, 127, 130.

(1111111, (01111111, 011111, 01111) baronio
11, 85, 89-101, 120, 123, 138.

-111111, 90.

-- 1111111, 98, 112.

-—- 1111, 93.

eudonio, 1111, of, 89. '

0111, 115, 184.

01111111, 104, 109.

01111111, 117.

0111111111, 118, 183.

0111111111, 118.

0111111111, 93, 106.

0111111111111, 88.

01111111, 111.

cog, 117.

01111111111, 118.

(11131111, 184.

Grais, 183.

-. eistat, 109, 104, 106.

..- 111111, 93, 104.

01118111, 136.

01113111, 117.

1111131111, 111111, 88, 92.

-- 1111111, 97, 100·

(1111111111, 114.

INDEX LOCORUM.

[11111111.

cambam, 111.
1111111111111, 111.

111111111111, 186.

Dono, 114.

11111111 landis, 87.

1111111111, 88, 91, 110.

0111111111111111, 100.

01111133, (11111111,1111]),11111111 os, 99,

11111111, 184.

0111111111, 114.

1111111111. 134.

Dmmphingtllie, 134, 185.

0111111111, 114.

Ι)11111(1,111111,99, 100, 105.

-- middil, 96.

- vester, 89, 110.

1111111111, over, 99, 105.

111111 ynird, 123.

11111111, west, 89.

1111111111, 11111111 of, 88, 119.

1111111111, 88, 89.

Ι)111111111,(Ι1111111],)1111111 111, 85, 90, 98,
112.

-- 111111 of, 86, 98, 108. .

·“ . 1111111111, 114.

1111111111, 109.
1111111111, 114.

’ 1111111 01111111101111.

11111111 (1111111111, 1181 onim
11111111 11111111, vido 11111111.

Edinkip, 114.

Eistorley, (1411111 11]), 89, 105.
Markland, 123.

11111111, 114.

Eme, (11111, 11111) 111111 οἱ 105, 111.

 

