170

Pano} 55555, 199, 197, 128, 190.
15511550, 91,

Pomey 1111, 115.

-- 51551115, 115.

Parth, 99, 109, 190, 190.

-- 5511510555 51, 85, 89, 135·
Ρ11155015, 118.

Polpoferrie, (Polpefery, Pow 51 1551550555)
85,119, 190199194, 199, 140.

15511511155555150, land 51, 110.
15155515 medon, 100, 122, 124, 198.

mm, 90.
maloch, (555555), 55, 55.

115111, 515 1155151115, vido 1155151115.
1150515505, 94, 110.

Bone, 95, 90, 198, 191.

11511555, 55155 51, 115.

855555515505 51, 551150 0155511550, 99·
8515155150, 88, 91, 110.

8551551555, 91.

8155555155, 199.

8550015 5551, 96‚100, 198, 190.

⁸ ,. 8510555515 555055, 89.

*Mem 11515505 51, 119.
85555511, 119.
8551155505, 100, 107.
8551551555, (8551155555) 90, 90, 99, 100,
105, 107, 110.
8155115555, 5155551515 51, 87, 134, 115.
85535511, 55555115 51, 90.
81555555, 87, 114.
-5155511551,100,119.
8115515 515551, 90.

INDEX Locomm.

[15555555.

81 Annis 1550, 90, 107.
-- 55555, 90.

1555555555, 115.

1155551111, 515 115115551ωο, 88, 90λ 107,
199-197, 199-191.

Three Mogontia, 155015 51, 114.

150015 55511, 111, 119.

1501111, 88, 95, 191,191.

151115, 118.

Tom 1055151115 05511, 111.

15551111, (11551111), 100, 111.

155515, 119.

’1515115 0551, 87, 119, 194, 195.

15151115, 11151555 51, 100.

’1511γώ51011, 87, 114.

151155155015, 90, 107,190, 198, 199, 191.

1111551153, 113.

' 55555555, 114.

Wmomm, 5105 1155551111

ward, 88, 100, 191-197, 190.

915505515 55511, 109.

Wtrddyk, 123.

7751555187, 199-194, 190, 191.

well 515551, 190.

1155155 cmg, 5105 (15513.

1155155 0551515555>1ὼ (15131555.

water 11511550, 5105 11511550.

91551 5555515, 199.

williamstoun, 89, 90, 91,100,101,105,
1715051151111, 88, 95, 107, 191, 197, 199-191.
11501550, 99.

11515550, 107.

 

