INDEX NOMINUM.

15155155, J ohannes 15, 55.

- 115115 sponsa 55155515 15, 55, 56.
15555, 74.

1515105555511555, 5, 10, 11, 1611519,
- (1111515115, 62.

-- 11511511, 19, 59, 64.

5511515, 15115555 11155, 117.

115115, (lieth) 1151551155 15, (5515555115
Sentio, 24, 80.

151151, (1111151155 15, 111111.

-15151115 15, miii.

Kokyn, 15115555, 69.

Kuye, Mauricius 115155, 66.

1115155, 51555515, 11111.

Kynbuk, 15511555 15551151 15, 18, 57, 64.

—- 1115511115 15, 5151111555555 11515515-
555115, 31.

-- 1151115515, 151155, 90.

11515155515115555515, 11111.

Kyndrumyn, 155151 55515515 15, 15155155,
111151

115151, 1535515515, 1111.
—- 1111551555 15, mvii.
-— 1155115115 15, 79.
1151551111, Alanus (15, 60.
- B'. 15, 58.

hum, «Iohannes 15, 39.

1551115, 1151555, sponso 51 Putria 11511555,
’ lvi. lvii.

1515155, (11555111) 115151515515, miv.

—- Bogom (15, 51511515, 111111.

1515551115, 11155115515, 88, 40.

-. 1155511111 15, 41, 71.

-—· 1511515515, 10.

Ian, (15111155 15, 41.

’--- Martinus 15, 40.

1551511, 5515551511115515155, 24.

Imhormde, ’11155155 15 11515 15, 1111.

1551551, 11’. 15, alericus, 74.

- W'. 15, 51511555, 74.

Logy, 15155555 15, 5555515115 1155115555515,
22.

-15155555 15, 22, 44,1.

Lucu, 111155 1155115111 1515115511, 31, 48,
60, 61, 65.

1515515115, 1511555, 76.

15355, B. 11155, 511155 55151115, 15.

155115, (1551111) Philippus 15, 14, 71.

1511155115, 15155555 15, xxiii.

15551511, (1555151111111511151558.

-- 15151555 Rogatus 15, 2³, 60.

- willelmus 15, 58.

11515551, Dauid 15, dominu· 15 (1155511,

-- 1111151551 15, 6, (filius 11511511) 10,

11155155 518151155511,13,111115155,) 16,
MQQQQQQQQQ
55, 57.

Μ’.1555551,75.

11. dominus, 5555115551 aoniam, 32

Μ’. 115151 (1., 15 8115115115, 76, 76.

11155111, rmus, 16, 56.

1151151111, 1151151155, 51.

1115 11515, 1155551, mvi· 111111.

1155555511. ΕΜ de, ὠ.

1155155, 1151151115, 11111.

1115 115555, (1111151151, xxiii.

Mw (111115 1151551555. xxiii,

11551 (11115155, 1515, 64.

1115 1555555551, (1111151151, xxiii.

Μω nub, numm, 11111

11511, prior de, Hugo 15 1151115115, 14.

-. prior 15, 44.

1151111511111155111551, 80.

-- 111155 1515111515, 19.

...- 15151, 19, 59, 64.

mk (1115511, 155115, 57.

 

