INDEX LocoRUM IN

APPENDI E.

*an-.—

4555555555,113,115,110. 853115, 5551551555οοί, 100.
415511515555,127,128. -51551551, 137.
Abbotis croft, 91, 98, 105, 108, 118, 127. 1155151115, 118.
-moss, 98. Auchineloioh, 100.
-mylne, 105. -15155555, 109.
- γ5151, 96. 8551155515155115, 114.
Abereaimey, 101,117, 118.
1115551555, 83. , 855555555555511551, 117.
Aberlydnoeh,119, 114. -155151136,
-855155, 115. 8515551555, 80, 97, 100, 182.
-1755155, 115. -5515551551551051111515551551, 08.
Aehloyis, 134. Ballindew, 87.
151555051511555555155111, 88, 95, 122, 124, 851111551ᾶοί5, 134.

129, 131. ’ 85115551, 113.
4155515511, 100. 8585515555, 87.
Almeryyard,88‚128,180. 85111555515555151, 118.
Aminirlaneyard, 122, 124. 85515511551555, 138.
451555] (Ardbany, Axbeny) 80, 91, 100,108. 85555555 landa, 114.
-17551111115195108 8511551555111.
-8555155551, 5151585551ωά5. 8511511555, 104, 110.
Ardeamy, 98. 8511151555, 88, 93, 94.
1155515115, 114. ¹ Blair, 88, 95, 123, 126, Φ129, 181.
Ardwne, (As-dem, Ardenny,) 111, 133. 851551115, 118.

 

