15555515]

Eme, 1551555190.

Ε55ι5555155513555, 118.
ming, 119.

1555555155ὼοί, 114. ⁸

1551115, 555551155 51, 105, 120, 184.
7551501.ιὰ μὴ,

955555, 85, 90.

(1551, hanonie 51, 107, 118, 5105 15151115
(1551551515, 90.

0551115, 98, 105, 118, 185.

(1500155115, 100, 122, 124, 128.

(11551518, 114.

(11551555114. -

(15555 55150, 122, 124, 128, 180.

Hammona, 103.

Hnygrene, 88,100,121-128, 190.
1155555150, 00.

11551115, parochia 51, 99, 90.

1555155555,ψο5.

15515051, 87, 88, 55,96,155,154,155-158,
190181.

1551555111, little, 88.

1551551551, 95, 90.

1551551515, 101.

1551551501, 110.

1551511151, 117.

1551555151, 1551115 5501111111, 127, 129,

15515515551, 129.

1555551515114.

Ι555555115155,1555515 51, 98.

15551510, 55555115 51, 187.

1555555905185, 190.

1555, (11555,15555,) water 51, 85, 90.

115555, 5105 cm.
Killour, (1151555) 1555515 51, 117, 190.

INDEX 1000111111.

1115515015, 99.

11151511,99,105, 111, 110, 121.
111515015, 109.

Κ15155155, 118.

1115115γο5, 99, 112, 118.
1115115505, 105151, 105.
1115115551515, kirk 51, 110, 197.
1111555055, 121, 120.
Kyntoehir, 184.

1555555555, 88, 95, 124, 127-129, 181.
1555511, 515551 51 oure 15015 51, 88.
1555551, 118, 188.

15115515555515, mter 550 vester, 118.
151115155555155, 184.

15511555555155, 119.

-- 555155, 114.

1153555, 115.

15555,15505115 51, 100.

-- 1551150051 15, 109.

11155555, muro 51, 85, 80, 90.

-- 1555515 51, 80, 192.

-1550511551, 80.

- 55555115 51, 87, 09, 98, 99, 105, 121,
122120.

- 1151 51, 91, 100, 128.

1151555, (11551555) 8555155015 51, 5105
8555155015.

1155115551, 88,108, 109, 110, 115, 117.

11515558, 90, 100.

Nm 0515555, 85.

-—- Gurdney, 5105 0550555

1155555, 88, 98, 105, 121, 122, 124-190.
1155155150, 90, 180.

- 1510, 90.

North 11151511, 5105 1151511.

omnm, 117, 180.

051055055555555115 51, 118, 115.
1

 

